2.406981095579719676e-01
2.400846822670528458e-01
2.394571568818826546e-01
2.388158001413966391e-01
2.381591424961815862e-01
2.374972149901915519e-01
2.368238228195299055e-01
2.361396091961423804e-01
2.354133663934069587e-01
2.346888485666574486e-01
2.339456222473892122e-01
2.332680737161215156e-01
2.326195750110617300e-01
2.319952359525283558e-01
2.314390901992406380e-01
2.309577929331834423e-01
2.305179071754005771e-01
2.301906589975874495e-01
2.299897255992857936e-01
2.298827308714438966e-01
2.298547902682966659e-01
2.299351730435417462e-01
2.302013525131670069e-01
2.307064965302435822e-01
2.314738832474325658e-01
2.324319801062440793e-01
2.335353642523684270e-01
2.347557647246341916e-01
2.361813978226452726e-01
2.377365741033835023e-01
2.395578779530335989e-01
2.419531855267996467e-01
2.447669175893801841e-01
2.477472372483544016e-01
2.507749614516326386e-01
2.537573966113126356e-01
2.567356350483790406e-01
2.597607065228624279e-01
2.628198219435168848e-01
2.659442934431172634e-01
2.692341563630943901e-01
2.727393321755582911e-01
2.763696165393439985e-01
2.799780833161794602e-01
2.835548569443838707e-01
2.870606599120186786e-01
2.904381117900062259e-01
2.937258001744161295e-01
2.969066434887192019e-01
2.999513562713423398e-01
3.028288275232325910e-01
3.055058538990668149e-01
3.079712796575907463e-01
3.101981282920498462e-01
3.120520082591679567e-01
3.134569772683840072e-01
3.143986480112159199e-01
3.149665921933362811e-01
3.151510850824415511e-01
3.150147183824135166e-01
3.146097361270419612e-01
3.139786696140084432e-01
3.132128582749082457e-01
3.123643246403253193e-01
3.113801948315202961e-01
3.102079222746949583e-01
3.088416314009039265e-01
3.073466342334659762e-01
3.058122990125430318e-01
3.042249473857946973e-01
3.025665271966353487e-01
3.008221363438440266e-01
2.989708128502099327e-01
2.970382218821486786e-01
2.950555977779656391e-01
2.930575473285117472e-01
2.910583775622275771e-01
2.890784330522733203e-01
2.871697739710560304e-01
2.853593266902915704e-01
2.836435366914252798e-01
2.820015597383069839e-01
2.804173624670139309e-01
2.788924222679123877e-01
2.774484933781479756e-01
2.761242561947706564e-01
2.749138626910857530e-01
2.737968012757755476e-01
2.727541118576018442e-01
2.718456044344561007e-01
2.711451249530412166e-01
2.706689458432865458e-01
2.703205945877436567e-01
2.704255803451883766e-01
2.712646570023369841e-01
2.729710691962399238e-01
2.753940255537933313e-01
2.785794322071621920e-01
2.830262251245838079e-01
2.886256248589815221e-01
2.944901023970367682e-01
3.004182761528850221e-01
3.063820823627372847e-01
3.124465813117885959e-01
3.185292370022325126e-01
3.246008614027762751e-01
3.307784728018017262e-01
3.368720557031558149e-01
3.432704803672751992e-01
3.500088234219966288e-01
3.565995639754645508e-01
3.632413354379105397e-01
3.699204279891061264e-01
3.742229879316326113e-01
3.775357419720840046e-01
3.832256985586227627e-01
3.896245859978579307e-01
3.961052336386566841e-01
4.025419368245890528e-01
4.086029377962907549e-01
4.135369920005186883e-01
4.164254077176240409e-01
4.201530114688764028e-01
4.256441418489541606e-01
4.309467768970750567e-01
4.358780366432237763e-01
4.432030576653104292e-01
4.501287936203975382e-01
4.546051049222357698e-01
4.612949434456770637e-01
4.693846767266250941e-01
4.770485400088972927e-01
4.826447666742625375e-01
4.863735922415648449e-01
4.919626406250509620e-01
4.993827991369814701e-01
5.070228375861935977e-01
5.149143958024050560e-01
5.229206766860901023e-01
5.301036139687279602e-01
5.343029749806980089e-01
5.388360142614876391e-01
5.470512805603527928e-01
5.532323599609546561e-01
5.562359457142572738e-01
5.617326434565532711e-01
5.672221054591333189e-01
5.708545646993167244e-01
5.764733979720981782e-01
5.835826349325382578e-01
5.891054382055603833e-01
5.929188844335117059e-01
5.978337381170354403e-01
6.053688015366581743e-01
6.123856240349658808e-01
6.116927330905266302e-01
6.233613895113792047e-01
6.264640676015933440e-01
6.323942737770235079e-01
6.442279012411544770e-01
6.478607267688859528e-01
6.574381135603539761e-01
6.500468411227311449e-01
6.534395456941847202e-01
6.539065721290764355e-01
6.614196724338394784e-01
6.784237813466672540e-01
7.101953156807914169e-01
6.516495804286553950e-01
7.143450096672750993e-01
7.062753219526861637e-01
7.132129339784021305e-01
7.483607426613329006e-01
7.149358315359083393e-01
7.547594961350457821e-01
7.075536462605663823e-01
7.578733203898569970e-01
7.282444903121428892e-01
7.302465376726506863e-01
1.149428743528944974e+00
7.734476390710395277e-01
7.545589788584539104e-01
8.315589326987000707e-01
9.058389864617947262e-01
1.528958263973179577e+00
1.111371244923346602e+00
8.679151063420121881e-01
8.566659474045448253e-01
7.851025141546523756e-01
7.649560676957740668e-01
9.888296918554059234e-01
1.137089425191757153e+00
9.409126008724545409e-01
1.609236822031198555e+00
1.629094236990421551e+00
1.067452999460329455e+00
1.699320663988918012e+00
1.894485142891225049e+00
1.232519032731750785e+00
7.790506834366648370e-01
7.109124467798257907e-01
4.598640873832433584e-01
4.933436444544520572e-01
7.606244483383932664e-01
7.628070518137854972e-01
1.353640344829101005e+00
6.616308111984517959e-01
7.270763846704487721e-01
1.592355953807007118e+00
4.640811657906054322e+00
1.091808678445193914e+00
9.328966084688845584e+00
9.791883360848437912e-01
6.716522306798704545e-01
2.838515123121797323e+00
8.989759677884261446e-01
7.278019237599487878e-01
7.062352905407875969e-01
6.789057680160937025e-01
7.026875825842211487e-01
7.729896326459713141e-01
7.536071142657142508e-01
8.015270148109313597e-01
8.624898293500489199e-01
9.383277533299196893e-01
1.034421061388309804e+00
1.162206898502585073e+00
1.349137827710056747e+00
1.670094288380111758e+00
2.430603423327561519e+00
5.884608685106959669e+00
6.112467468180933139e+01
8.629451621202878897e+00
4.717309022092349480e+00
4.677585978012018586e+00
5.695347232646905233e+00
7.832512392755711872e+00
1.204027690688766228e+01
2.103026782272312545e+01
4.297502098420920902e+01
1.011618760119008442e+02
1.894251976714387808e+02
1.561655871264830182e+02
9.179981540623641934e+01
5.954110541025604419e+01
4.411999278400362812e+01
3.602851398892972412e+01
2.808708690092301197e+01
2.755403741490455616e+01
3.122597805821665418e+01
3.763900415664949861e+01
4.672241398169540361e+01
5.825857428968723184e+01
7.251442158915716618e+01
9.219923816048904541e+01
1.177195594876065456e+02
1.512962999421434631e+02
1.938400489499241246e+02
2.486087041010446512e+02
3.189741876205358722e+02
4.133722648320476765e+02
