0.99995605E+00  
0.99976844E+00  
0.99943094E+00  
0.99894353E+00  
0.99830627E+00  
0.99751925E+00  
0.99658260E+00  
0.99549645E+00  
0.99426097E+00  
0.99287634E+00  
0.99134277E+00  
0.98966049E+00  
0.98782975E+00  
0.98585082E+00  
0.98372401E+00  
0.98144963E+00  
0.97902802E+00  
0.97645955E+00  
0.97374460E+00  
0.97088358E+00  
0.96787692E+00  
0.96472506E+00  
0.96142849E+00  
0.95798769E+00  
0.95440319E+00  
0.95067552E+00  
0.94680523E+00  
0.94279292E+00  
0.93863917E+00  
0.93434463E+00  
0.92990992E+00  
0.92533572E+00  
0.92062270E+00  
0.91577159E+00  
0.91078310E+00  
0.90565798E+00  
0.90039701E+00  
0.89500096E+00  
0.88947066E+00  
0.88380693E+00  
0.87801062E+00  
0.87208260E+00  
0.86602376E+00  
0.85983500E+00  
0.85351727E+00  
0.84707149E+00  
0.84049865E+00  
0.83379973E+00  
0.82697572E+00  
0.82002767E+00  
0.81295660E+00  
0.80576357E+00  
0.79844968E+00  
0.79101601E+00  
0.78346368E+00  
0.77579383E+00  
0.76800759E+00  
0.76010615E+00  
0.75209069E+00  
0.74396240E+00  
0.73572251E+00  
0.72737226E+00  
0.71891289E+00  
0.71034568E+00  
0.70167191E+00  
0.69289289E+00  
0.68400992E+00  
0.67502434E+00  
0.66593751E+00  
0.65675078E+00  
0.64746552E+00  
0.63808315E+00  
0.62860505E+00  
0.61903266E+00  
0.60936740E+00  
0.59961074E+00  
0.58976412E+00  
0.57982904E+00  
0.56980697E+00  
0.55969943E+00  
0.54950793E+00  
0.53923400E+00  
0.52887918E+00  
0.51844502E+00  
0.50793309E+00  
0.49734496E+00  
0.48668223E+00  
0.47594649E+00  
0.46513935E+00  
0.45426244E+00  
0.44331738E+00  
0.43230583E+00  
0.42122942E+00  
0.41008982E+00  
0.39888871E+00  
0.38762776E+00  
0.37630866E+00  
0.36493311E+00  
0.35350282E+00  
0.34201949E+00  
0.33048487E+00  
0.31890066E+00  
0.30726862E+00  
0.29559048E+00  
0.28386801E+00  
0.27210295E+00  
0.26029707E+00  
0.24845215E+00  
0.23656995E+00  
0.22465227E+00  
0.21270088E+00  
0.20071759E+00  
0.18870419E+00  
0.17666249E+00  
0.16459428E+00  
0.15250138E+00  
0.14038560E+00  
0.12824877E+00  
0.11609269E+00  
0.10391920E+00  
0.91730127E-01  
0.79527289E-01  
0.67312521E-01  
0.55087656E-01  
0.42854527E-01  
0.30614969E-01  
0.18370818E-01  
0.61239124E-02  
-0.61239124E-02  
-0.18370818E-01  
-0.30614969E-01  
-0.42854527E-01  
-0.55087656E-01  
-0.67312521E-01  
-0.79527289E-01  
-0.91730127E-01  
-0.10391920E+00  
-0.11609269E+00  
-0.12824877E+00  
-0.14038560E+00  
-0.15250138E+00  
-0.16459428E+00  
-0.17666249E+00  
-0.18870419E+00  
-0.20071759E+00  
-0.21270088E+00  
-0.22465227E+00  
-0.23656995E+00  
-0.24845215E+00  
-0.26029707E+00  
-0.27210295E+00  
-0.28386801E+00  
-0.29559048E+00  
-0.30726862E+00  
-0.31890066E+00  
-0.33048487E+00  
-0.34201949E+00  
-0.35350282E+00  
-0.36493311E+00  
-0.37630866E+00  
-0.38762776E+00  
-0.39888871E+00  
-0.41008982E+00  
-0.42122942E+00  
-0.43230583E+00  
-0.44331738E+00  
-0.45426244E+00  
-0.46513935E+00  
-0.47594649E+00  
-0.48668223E+00  
-0.49734496E+00  
-0.50793309E+00  
-0.51844502E+00  
-0.52887918E+00  
-0.53923400E+00  
-0.54950793E+00  
-0.55969943E+00  
-0.56980697E+00  
-0.57982904E+00  
-0.58976412E+00  
-0.59961074E+00  
-0.60936740E+00  
-0.61903266E+00  
-0.62860505E+00  
-0.63808315E+00  
-0.64746552E+00  
-0.65675078E+00  
-0.66593751E+00  
-0.67502434E+00  
-0.68400992E+00  
-0.69289289E+00  
-0.70167191E+00  
-0.71034568E+00  
-0.71891289E+00  
-0.72737226E+00  
-0.73572251E+00  
-0.74396240E+00  
-0.75209069E+00  
-0.76010615E+00  
-0.76800759E+00  
-0.77579383E+00  
-0.78346368E+00  
-0.79101601E+00  
-0.79844968E+00  
-0.80576357E+00  
-0.81295660E+00  
-0.82002767E+00  
-0.82697572E+00  
-0.83379973E+00  
-0.84049865E+00  
-0.84707149E+00  
-0.85351727E+00  
-0.85983500E+00  
-0.86602376E+00  
-0.87208260E+00  
-0.87801062E+00  
-0.88380693E+00  
-0.88947066E+00  
-0.89500096E+00  
-0.90039701E+00  
-0.90565798E+00  
-0.91078310E+00  
-0.91577159E+00  
-0.92062270E+00  
-0.92533572E+00  
-0.92990992E+00  
-0.93434463E+00  
-0.93863917E+00  
-0.94279292E+00  
-0.94680523E+00  
-0.95067552E+00  
-0.95440319E+00  
-0.95798769E+00  
-0.96142849E+00  
-0.96472506E+00  
-0.96787692E+00  
-0.97088358E+00  
-0.97374460E+00  
-0.97645955E+00  
-0.97902802E+00  
-0.98144963E+00  
-0.98372401E+00  
-0.98585082E+00  
-0.98782975E+00  
-0.98966049E+00  
-0.99134277E+00  
-0.99287634E+00  
-0.99426097E+00  
-0.99549645E+00  
-0.99658260E+00  
-0.99751925E+00  
-0.99830627E+00  
-0.99894353E+00  
-0.99943094E+00  
-0.99976844E+00  
-0.99995605E+00  
