0.56394509E-04
0.13126747E-03
0.20623163E-03
0.28117448E-03
0.35607708E-03
0.43092685E-03
0.50571220E-03
0.58042178E-03
0.65504434E-03
0.72956867E-03
0.80398357E-03
0.87827787E-03
0.95244043E-03
0.10264601E-02
0.11003258E-02
0.11740265E-02
0.12475510E-02
0.13208884E-02
0.13940277E-02
0.14669578E-02
0.15396679E-02
0.16121470E-02
0.16843843E-02
0.17563689E-02
0.18280900E-02
0.18995369E-02
0.19706988E-02
0.20415651E-02
0.21121252E-02
0.21823684E-02
0.22522843E-02
0.23218623E-02
0.23910920E-02
0.24599630E-02
0.25284649E-02
0.25965876E-02
0.26643208E-02
0.27316543E-02
0.27985780E-02
0.28650819E-02
0.29311560E-02
0.29967905E-02
0.30619753E-02
0.31267009E-02
0.31909574E-02
0.32547352E-02
0.33180248E-02
0.33808167E-02
0.34431013E-02
0.35048695E-02
0.35661120E-02
0.36268195E-02
0.36869829E-02
0.37465932E-02
0.38056415E-02
0.38641190E-02
0.39220167E-02
0.39793262E-02
0.40360387E-02
0.40921457E-02
0.41476389E-02
0.42025099E-02
0.42567505E-02
0.43103525E-02
0.43633080E-02
0.44156089E-02
0.44672474E-02
0.45182158E-02
0.45685064E-02
0.46181117E-02
0.46670242E-02
0.47152366E-02
0.47627417E-02
0.48095323E-02
0.48556015E-02
0.49009423E-02
0.49455478E-02
0.49894115E-02
0.50325268E-02
0.50748871E-02
0.51164861E-02
0.51573176E-02
0.51973755E-02
0.52366537E-02
0.52751463E-02
0.53128477E-02
0.53497520E-02
0.53858539E-02
0.54211478E-02
0.54556284E-02
0.54892907E-02
0.55221295E-02
0.55541400E-02
0.55853173E-02
0.56156567E-02
0.56451537E-02
0.56738039E-02
0.57016030E-02
0.57285468E-02
0.57546312E-02
0.57798524E-02
0.58042066E-02
0.58276900E-02
0.58502993E-02
0.58720310E-02
0.58928817E-02
0.59128486E-02
0.59319284E-02
0.59501183E-02
0.59674157E-02
0.59838180E-02
0.59993225E-02
0.60139272E-02
0.60276297E-02
0.60404279E-02
0.60523201E-02
0.60633044E-02
0.60733791E-02
0.60825427E-02
0.60907939E-02
0.60981314E-02
0.61045541E-02
0.61100611E-02
0.61146515E-02
0.61183247E-02
0.61210801E-02
0.61229172E-02
0.61238358E-02
0.61238358E-02
0.61229172E-02
0.61210801E-02
0.61183247E-02
0.61146515E-02
0.61100611E-02
0.61045541E-02
0.60981314E-02
0.60907939E-02
0.60825427E-02
0.60733791E-02
0.60633044E-02
0.60523201E-02
0.60404279E-02
0.60276297E-02
0.60139272E-02
0.59993225E-02
0.59838180E-02
0.59674157E-02
0.59501183E-02
0.59319284E-02
0.59128486E-02
0.58928817E-02
0.58720310E-02
0.58502993E-02
0.58276900E-02
0.58042066E-02
0.57798524E-02
0.57546312E-02
0.57285468E-02
0.57016030E-02
0.56738039E-02
0.56451537E-02
0.56156567E-02
0.55853173E-02
0.55541400E-02
0.55221295E-02
0.54892907E-02
0.54556284E-02
0.54211478E-02
0.53858539E-02
0.53497520E-02
0.53128477E-02
0.52751463E-02
0.52366537E-02
0.51973755E-02
0.51573176E-02
0.51164861E-02
0.50748871E-02
0.50325268E-02
0.49894115E-02
0.49455478E-02
0.49009423E-02
0.48556015E-02
0.48095323E-02
0.47627417E-02
0.47152366E-02
0.46670242E-02
0.46181117E-02
0.45685064E-02
0.45182158E-02
0.44672474E-02
0.44156089E-02
0.43633080E-02
0.43103525E-02
0.42567505E-02
0.42025099E-02
0.41476389E-02
0.40921457E-02
0.40360387E-02
0.39793262E-02
0.39220167E-02
0.38641190E-02
0.38056415E-02
0.37465932E-02
0.36869829E-02
0.36268195E-02
0.35661120E-02
0.35048695E-02
0.34431013E-02
0.33808167E-02
0.33180248E-02
0.32547352E-02
0.31909574E-02
0.31267009E-02
0.30619753E-02
0.29967905E-02
0.29311560E-02
0.28650819E-02
0.27985780E-02
0.27316543E-02
0.26643208E-02
0.25965876E-02
0.25284649E-02
0.24599630E-02
0.23910920E-02
0.23218623E-02
0.22522843E-02
0.21823684E-02
0.21121252E-02
0.20415651E-02
0.19706988E-02
0.18995369E-02
0.18280900E-02
0.17563689E-02
0.16843843E-02
0.16121470E-02
0.15396679E-02
0.14669578E-02
0.13940277E-02
0.13208884E-02
0.12475510E-02
0.11740265E-02
0.11003258E-02
0.10264601E-02
0.95244043E-03
0.87827787E-03
0.80398357E-03
0.72956867E-03
0.65504434E-03
0.58042178E-03
0.50571220E-03
0.43092685E-03
0.35607708E-03
0.28117448E-03
0.20623163E-03
0.13126747E-03
0.56394509E-04
