1.344587304204233187e-05
2.758295215600759841e-06
3.320881015901125846e-06
3.997307514118914724e-06
4.810503282708896892e-06
5.788228395284792486e-06
6.963195889209100570e-06
8.374760959114707103e-06
1.006966662453208616e-05
1.210494978690695111e-05
1.454843797289115617e-05
1.748105808278630280e-05
2.099723699762474075e-05
2.521325542986290684e-05
3.026899246681796256e-05
3.632990250853945693e-05
4.358770603520596817e-05
5.227881028444462665e-05
6.268860486029812602e-05
7.515272601990108728e-05
9.004293105968134135e-05
1.078307359899199582e-04
1.291024865484968569e-04
1.545313986650081659e-04
1.848664738612007411e-04
2.210528141910294675e-04
2.642589243475187370e-04
3.158282602303698447e-04
4.738824092952080916e-04
5.693111842928627337e-04
6.791263879441480000e-04
8.045224630239757209e-04
9.467811045251291668e-04
1.106975328996902914e-03
1.286183054617805275e-03
1.472205476355883860e-03
1.717800965321008037e-03
1.945356274263419349e-03
2.207076422051679719e-03
2.489971668016110855e-03
2.793641443290242974e-03
3.117757003701090730e-03
3.461404656913291949e-03
3.724207877464891323e-03
4.301802122601008742e-03
4.598128138801875313e-03
5.008089512489975227e-03
5.430350494162659164e-03
5.864104795777163974e-03
6.307520052684869975e-03
6.758563995236344275e-03
7.215414558534236078e-03
7.676472944862415895e-03
8.139533552025884217e-03
8.601996517748905155e-03
9.063999676953165066e-03
9.521433416938280062e-03
9.973654604971418647e-03
1.041786933564683125e-02
1.073576106384034265e-02
1.139073603288599107e-02
1.168342128281979649e-02
1.207716805623787297e-02
1.245300365945203359e-02
1.280815857757117669e-02
1.314380730718436516e-02
1.345775491732769530e-02
1.375239762666661050e-02
1.400171857818542816e-02
1.424721155198951060e-02
1.445547100749574286e-02
1.463864709884009699e-02
1.479206086339822368e-02
1.491790435698759319e-02
1.501460786924694972e-02
1.493037296152540175e-02
1.527307051621066246e-02
1.513431245289191887e-02
1.511895487625999727e-02
1.507721896025551907e-02
1.501513687742772780e-02
1.492512607650717249e-02
1.481365477228982833e-02
1.461214990761418135e-02
1.460417854688310715e-02
1.436117378287594254e-02
1.418218265966579225e-02
1.398129998798249354e-02
1.377052378981561027e-02
1.354726717565094864e-02
1.331781853571231342e-02
1.318150729700694364e-02
2.528896069689408679e-02
2.436050996063392898e-02
2.329233067367273910e-02
2.221164998802114751e-02
2.111621455498173192e-02
2.002891816503713646e-02
1.894494447894230077e-02
1.715287246528937604e-02
1.756839200234359272e-02
1.582957313529483045e-02
1.484947417037749476e-02
1.390340321615069277e-02
1.299432704706464728e-02
1.212021145300455627e-02
1.127921135117376794e-02
9.787693397247781632e-03
1.040960541188917440e-02
8.997948596252469677e-03
8.317272945554886679e-03
7.678636245146046660e-03
7.081711540866209541e-03
1.860964854508955890e-03
4.663955675361130745e-03
6.006275491057666907e-03
5.235929543877759947e-03
5.364971957245492570e-03
4.662553711457876823e-03
4.279435792124511653e-03
2.687619667351883856e-03
1.237902967544559588e-03
3.598600470256745846e-03
3.297847795232681806e-03
3.020266290365160918e-03
2.570144202793846287e-03
5.040801491255593632e-03
1.869869465533106337e-03
2.183085743827144817e-03
3.385737769966834423e-03
2.825308515370408575e-03
2.355866428447640944e-03
1.026414659459302285e-03
9.367163007800397446e-04
1.634586518455032533e-03
1.327770961702853889e-03
1.163865020975738329e-03
9.406735702452800841e-04
7.818094280891372269e-04
4.941798436203662451e-04
1.553941038619385232e-04
5.395514490382832123e-04
4.480553942802782859e-04
1.846475253578521065e-04
1.873579876090808894e-04
3.076659533834228159e-04
1.352478639997509906e-04
1.221811266540216224e-04
2.126909845390856455e-04
1.764763609410230100e-04
7.692000824703197929e-05
6.949805008152718660e-05
1.214665006984930076e-04
1.007579817943289526e-04
8.356998598402428388e-05
6.925992991181692396e-05
5.756249046503091618e-05
4.768440582730103087e-05
3.954398490294837960e-05
3.279320962310528067e-05
1.423234545348474903e-05
1.296081279181817198e-05
2.254838437304316134e-05
1.869648505419299714e-05
1.565897678187931662e-05
1.269825542383118392e-05
1.065758262836506476e-05
8.837351105513971397e-06
7.326376481270009946e-06
6.074571478613258120e-06
5.036473931129782771e-06
4.175411284367728062e-06
3.443295374261589691e-06
2.888250134162822286e-06
2.379333715371533467e-06
1.972920227677857588e-06
1.635656651717327266e-06
1.356201300295023573e-06
1.124169509268112192e-06
9.320286488292591067e-07
7.727041341605682157e-07
6.406539756358773505e-07
5.312756469346677818e-07
4.403641070746566132e-07
3.653214121975407144e-07
3.026400990518892952e-07
2.508556933757285733e-07
2.079602884627759774e-07
1.725515601398917935e-07
1.428120293806080555e-07
1.185002533366439013e-07
9.823770113263936075e-08
8.146050164741402309e-08
6.754903834517801982e-08
5.597381499124465658e-08
4.641632320874700549e-08
3.868120816822098242e-08
3.169774221681662575e-08
2.643781493590963469e-08
2.191929822043885707e-08
1.818216063318563768e-08
1.506267311004434893e-08
1.248795156405984629e-08
1.035309134734059312e-08
8.591888520541977646e-09
3.715125757315896007e-09
3.393264281380898173e-09
5.898720728274886109e-09
4.890374820744075745e-09
4.054807822580084059e-09
3.361096097121589211e-09
2.786141313268474634e-09
2.297599480530401202e-09
1.817880731034393986e-09
1.446988274883346702e-09
1.136524149694409496e-09
4.753331164815081585e-10
4.224814093442143099e-10
7.095104298495044302e-10
5.612500299003976623e-10
4.443372218707682283e-10
3.519092266047254654e-10
2.783695506032416269e-10
2.220104570421593180e-10
1.758052300655172388e-10
1.397359965325059616e-10
1.111638767091554798e-10
8.851876426321040152e-11
7.055079575182730681e-11
5.629576925020291221e-11
4.362511781885664325e-11
3.725166773748790011e-11
2.873047904406894460e-11
2.299926385963169558e-11
1.842723093448497449e-11
1.478020193473124582e-11
1.186696959935168795e-11
9.537848422959408129e-12
7.672179353820505475e-12
6.179774270513110304e-12
4.980734259565989923e-12
4.019009509733750490e-12
3.245816666864554372e-12
2.623952279060556161e-12
2.123102481939455171e-12
1.719526118432275631e-12
1.413545105686228725e-12
3.383189669739555861e-12
1.494313613153540525e-12
6.563023791180830339e-13
2.954810865629846461e-13
1.340945291061503334e-13
5.605903817115527518e-14
3.114344330417090527e-14
1.419470891741270826e-14
6.895580907915380387e-15
3.120655598583751422e-15
1.456554617625136344e-15
6.907357932551694712e-16
3.137241655545691545e-16
2.861839150302981092e-16
