5.689903664241060710e+01
5.647582919224314679e+01
5.604941316264419271e+01
5.561973454925489335e+01
5.518276531873564750e+01
5.474625385071463057e+01
5.430624049301376743e+01
5.386262337907167819e+01
5.339518631716313024e+01
5.293800641820389785e+01
5.247542313557445937e+01
5.205250848846281997e+01
5.162995776669454528e+01
5.116379731564020972e+01
5.067771305670733994e+01
5.020244134472258679e+01
4.971159816325587144e+01
4.922674626959716448e+01
4.873705239281869694e+01
4.824243172731061691e+01
4.773704905793320563e+01
4.723188114191573561e+01
4.672124330834992634e+01
4.620499864157303449e+01
4.568287677866280916e+01
4.515475890519577007e+01
4.462036768075375903e+01
4.407946646213794395e+01
4.345879888571639782e+01
4.278501343663346290e+01
4.212168618164387368e+01
4.146865384455890080e+01
4.082574144649684200e+01
4.019281296234294842e+01
3.956968756170397938e+01
3.895877226883422395e+01
3.835498536181982843e+01
3.775800516907090554e+01
3.717260691120541338e+01
3.659628225687809078e+01
3.602892113557394538e+01
3.547035104297020069e+01
3.492043204955349012e+01
3.438584981017291398e+01
3.385273585962760023e+01
3.332160412868003618e+01
3.280498714536578575e+01
3.229638261136922495e+01
3.179567337195024024e+01
3.130276472278584521e+01
3.081745771998888017e+01
3.033966775029846374e+01
2.986928305655957772e+01
2.940619482662695461e+01
2.895029697214634012e+01
2.850147780162400935e+01
2.805961320945575110e+01
2.762458411188619323e+01
2.719629086106720095e+01
2.677689464604024749e+01
2.636250661039853327e+01
2.595170750557118211e+01
2.554936239011219001e+01
2.515323982532583713e+01
2.476328160036173998e+01
2.437936832569080892e+01
2.400139784141028088e+01
2.362918809637117334e+01
2.326315537252104804e+01
2.290257633371435375e+01
2.254751776631661997e+01
2.219796724334765514e+01
2.185382023353428949e+01
2.151500025818000239e+01
2.118143252569942803e+01
2.085469636292009810e+01
2.053199634448337108e+01
2.021209766808986430e+01
1.989873533587572751e+01
1.959025416199847314e+01
1.928653327457369571e+01
1.898750641065685230e+01
1.869313664664195329e+01
1.840402842097300962e+01
1.811868280799722086e+01
1.783712705242902175e+01
1.756060075517607544e+01
1.728833801328643460e+01
1.702031186998251755e+01
1.675644771351568352e+01
1.649664672661987908e+01
1.623981398267471477e+01
1.586375697866499124e+01
1.537667392394420318e+01
1.490357387701570957e+01
1.444503893804695949e+01
1.400060790639529529e+01
1.356985408064509890e+01
1.315235517251220898e+01
1.275607827129627303e+01
1.236477572151557425e+01
1.197646528759265649e+01
1.160799117328351038e+01
1.125085042365639865e+01
1.090469374004060477e+01
1.056919110386957072e+01
1.024401447356316908e+01
9.939369843951894268e+00
9.634264067470677873e+00
9.327766522272840533e+00
9.040773890245004552e+00
8.762621460886723668e+00
8.493023405923203484e+00
8.324509353418708457e+00
8.195800963334445299e+00
7.978458162960007982e+00
7.739464846963691080e+00
7.500361892461311797e+00
7.263461736809916580e+00
7.039987834901021202e+00
6.858235472028344049e+00
6.751984745916061570e+00
6.613454809271270385e+00
6.409981109785669595e+00
6.212766116070624456e+00
6.028574236164572220e+00
5.751658346892867257e+00
5.493189543603840264e+00
5.324068035200607341e+00
5.070045209593133428e+00
4.762870944296318854e+00
4.474306963408670512e+00
4.269940515458679364e+00
4.138569230399942178e+00
3.948562861318179795e+00
3.712392076121856288e+00
3.487422784100281170e+00
3.273484221315030140e+00
3.075152735148472871e+00
2.912310335789381810e+00
2.822931348850233668e+00
2.713810991205895196e+00
2.549389319282458821e+00
2.434992399171226118e+00
2.360055772838023369e+00
2.250115149642783141e+00
2.147330031312366216e+00
2.081002610409674158e+00
1.985462049779107563e+00
1.865168811766230839e+00
1.779863936521508760e+00
1.725104286866901537e+00
1.646006541229994680e+00
1.546280005950085190e+00
1.452596334373150055e+00
1.364633290283701728e+00
1.281952341626966696e+00
1.204243851672802901e+00
1.131282890635941563e+00
1.062742059430448860e+00
1.014199708701559510e+00
9.829961328932133036e-01
9.378663540445486557e-01
8.810448487069785228e-01
8.273762245168122531e-01
7.772544264639587031e-01
7.304127050907572860e-01
6.861590736303579963e-01
6.445861531291756652e-01
6.055321416460784922e-01
5.688450397850219886e-01
5.343810051065449596e-01
5.020975123578750310e-01
4.716751969126027899e-01
4.430177304556082718e-01
4.161762722924819968e-01
3.909614406459933633e-01
3.672743833463103513e-01
3.450223453721980027e-01
3.241186403871272881e-01
3.044812948006164754e-01
2.860331718390045630e-01
2.687032943292587683e-01
2.524234544806046587e-01
2.371297248986922457e-01
2.227627436439663378e-01
2.092662685166641889e-01
1.965874772990610364e-01
1.846721727290539516e-01
1.734835585294492721e-01
1.629768171996606452e-01
1.531025465546568265e-01
1.438265957524841876e-01
1.351125859400491569e-01
1.269264580486478833e-01
1.192363958128470208e-01
1.119927804973980118e-01
1.052079071317178899e-01
9.885046790868984301e-02
9.286137468264624162e-02
8.723514320084931051e-02
8.194988272971781562e-02
7.698478318775510421e-02
7.232054199906995384e-02
6.793635179073430341e-02
6.483326828395415131e-02
6.284083296780915151e-02
5.995577661916569323e-02
5.632327305804394474e-02
5.291078078322770245e-02
4.970512434979483529e-02
4.669358084666668657e-02
4.386455502698766856e-02
4.121286154497950938e-02
3.871590193726630325e-02
3.636517031263863942e-02
3.470409897053760434e-02
3.363629544641923153e-02
3.209209661518238471e-02
3.014774202456558388e-02
2.832117458106610253e-02
2.660527587941743932e-02
2.499536336009669860e-02
2.348090849513440395e-02
2.205652867734717026e-02
2.072017956936421726e-02
1.946481112515172779e-02
1.828551366750719165e-02
1.717770924253516837e-02
1.613696019044194921e-02
1.517500191584399138e-02
1.425526097533925257e-02
1.337793536985643419e-02
1.256740527820967776e-02
1.180598794986421722e-02
1.109069437506599032e-02
1.041874933124652645e-02
9.787513090798758558e-03
9.194548368381417688e-03
8.637562687111200940e-03
8.114215700195957781e-03
7.622596119031411176e-03
7.160759040458287809e-03
6.726917423725164123e-03
6.319354920249740243e-03
5.936479667557138622e-03
5.574033476530252697e-03
4.631649543458304236e-03
3.671507304280206135e-03
2.892059099806115838e-03
2.269608624149634102e-03
1.775136059741138760e-03
1.402354412823689700e-03
1.115027707881027005e-03
8.716784691931393899e-04
6.798017969880701091e-04
5.277061563255608595e-04
4.112405193638766663e-04
3.203173447998400769e-04
2.494909137904106878e-04
1.922160939460003295e-04
