4.907088126578971199e-01
4.920074775330275374e-01
4.938647459241684579e-01
4.944300676346092271e-01
4.922754857709437104e-01
4.878856387907924974e-01
4.827066932044419834e-01
4.779376629364310847e-01
4.743859510324310302e-01
4.714717232873169017e-01
4.676723437985379483e-01
4.634186437935552960e-01
4.585495561452535007e-01
4.526491416305993831e-01
4.460809058459043741e-01
4.393994026136069930e-01
4.320093621427167907e-01
4.237413716876049508e-01
4.151621504722343148e-01
4.074391246695394653e-01
4.016635212868986393e-01
3.979662949433522834e-01
3.956715813915597790e-01
3.937231935528107685e-01
3.915145062029051770e-01
3.891764492507183149e-01
3.865969056991399588e-01
3.837584329281396589e-01
3.803283738201029274e-01
3.765166564584546682e-01
3.729050016145756818e-01
3.693555657757771060e-01
3.656192530415587338e-01
3.626514225435447103e-01
3.616006613568375494e-01
3.562190883344584225e-01
3.464697948025362573e-01
3.371786902805507524e-01
3.252986608494557452e-01
3.136026718531899071e-01
3.020730269358392062e-01
2.909429950942484244e-01
2.798684352026390987e-01
2.683898019835355142e-01
2.559886550992082066e-01
2.438645516952315517e-01
2.381473912178373453e-01
2.374878050361534931e-01
2.377445619238320318e-01
2.366364551353142553e-01
2.364377228573463774e-01
2.376650963285177887e-01
2.381291444713454775e-01
2.378514327010966267e-01
2.374035992751820090e-01
2.369192738333799342e-01
2.365045864135733034e-01
2.363194528614457890e-01
2.366249989101178730e-01
2.371804719779086190e-01
2.376671778076806518e-01
2.378764543384393471e-01
2.379091523645573136e-01
2.378321370309819383e-01
2.377598782856406856e-01
2.378238917002071240e-01
2.381637407893907321e-01
2.391413218464816803e-01
2.402311186662400844e-01
2.404434252761962487e-01
2.402474109888817766e-01
2.399399747536219152e-01
2.395629814061204788e-01
2.394131115906448781e-01
2.402741903978306282e-01
2.420395448306477404e-01
2.432270648552646020e-01
2.433813486316920016e-01
2.429120301791644621e-01
2.418826852054968002e-01
2.401796352472320151e-01
2.381765758396413024e-01
2.365023858837491944e-01
2.354489214341411174e-01
2.347947199026015896e-01
2.342382736300942236e-01
2.335407492677627761e-01
2.326645653713412532e-01
2.316669803585164888e-01
2.303631251549986547e-01
2.284870806059210446e-01
2.259586720795384029e-01
2.214366858665047788e-01
2.151160122383185547e-01
2.088846730798510631e-01
2.038085246520942584e-01
2.019533085132856065e-01
1.978522956302995739e-01
1.936411711933856139e-01
1.941813001234834191e-01
1.940322600621518789e-01
1.916730264055454824e-01
1.852338892471054044e-01
1.825580419507788765e-01
1.798596248473085524e-01
1.773043997185748122e-01
1.748089992145188676e-01
1.719718465701245147e-01
1.732109288297666028e-01
1.730405318916940771e-01
1.706144593236084972e-01
1.719128315280643582e-01
1.709160194235233854e-01
1.686627746504075487e-01
1.674861478253130975e-01
1.681509117501128747e-01
1.682729462871182247e-01
1.678326728227977349e-01
1.666397040432381904e-01
1.643886495170027440e-01
1.618688050511328524e-01
1.608782286813934814e-01
1.625145565518758828e-01
1.636842103219379729e-01
1.611433219446259113e-01
1.584582954497847362e-01
1.601607234451435380e-01
1.618557735305542200e-01
1.620973291317714393e-01
1.622094871215034317e-01
1.631286410524898645e-01
1.663545530248116411e-01
1.661852183201527611e-01
1.648476287309808552e-01
1.651555268068621851e-01
1.679216906307103852e-01
1.683408912862583429e-01
1.671921431623832888e-01
1.660298236550933892e-01
1.657303740720444951e-01
1.667906329386238951e-01
1.691045005330596152e-01
1.737894073588082122e-01
1.759750567293894841e-01
1.661450214673103887e-01
1.653496828928138207e-01
1.701945952015929131e-01
1.590603672238365962e-01
1.745854792179464543e-01
1.740696956383497862e-01
1.738244149081332457e-01
1.830197394689875023e-01
1.723062230819182306e-01
1.876862046005867979e-01
1.872250975388752570e-01
1.802617555363926483e-01
2.120790764435277753e-01
2.039469834199184317e-01
1.726577647049720721e-01
2.134601845628053551e-01
2.040297303417002162e-01
2.043631738086702232e-01
2.250470358548738725e-01
2.318733820209193108e-01
2.035288412455656393e-01
2.928069473647303411e-01
2.993822417697832305e-01
2.944804754413937742e-01
2.288015258181871070e-01
3.193236085580883898e-01
3.523185193959068040e-01
3.661724849051355979e-01
5.074325014005479639e-01
4.203996493684549751e-01
4.712088716154795298e-01
4.145708730247784080e-01
5.153022775242841469e-01
3.096502714822188529e-01
3.260418012964314549e-01
1.145714760727684078e+00
7.946809864198818296e-01
5.402294536717722195e-01
5.301696907024583405e-01
5.030067168816112488e-01
9.260874322549987880e-01
1.326031562739479197e+00
6.902562752004554048e-01
9.021043540347590817e-01
5.850355258037941431e-01
6.730493409035819274e-01
1.064454782272314715e+00
1.350851693148166000e+00
6.233420709389091430e-01
2.139128890436572394e+00
3.005627425925512242e+00
1.278719924958778620e+00
2.752155839357319334e+00
3.567677734373484899e+00
1.406311122590580664e+00
5.315147006375904315e-01
2.350262698849315546e-01
1.868101312481159904e-01
2.750678288927809190e-01
4.544416064520484522e-01
6.608738364922124298e-01
1.672486362044683927e+00
1.478001189056550591e-01
3.547601694201129030e-01
2.644524719753677200e+00
8.369670569401430171e+00
1.278989909825241966e+00
1.749973564082166533e+01
1.411535403420077550e+00
5.296062610292796569e-01
3.928818801422917506e+00
1.289893244749226175e+00
9.494885458358952590e-01
8.943343696016767819e-01
8.067124458422358924e-01
8.317062093579934423e-01
9.346688852498176159e-01
9.240995093761992241e-01
1.015684018621177742e+00
1.131646368476723064e+00
1.271396557663978744e+00
1.437558741897018155e+00
1.635045913912647197e+00
1.874572780681635020e+00
2.167079322147009712e+00
2.527942951465710131e+00
2.979330590249185118e+00
3.602532377746638481e+00
4.380420480630071722e+00
5.486851082924626866e+00
7.106429457129427973e+00
9.618515094284763478e+00
1.380829036828610157e+01
2.147689202024497490e+01
3.730783944869541813e+01
7.517731793612381352e+01
1.742102108443114048e+02
3.222918722484100726e+02
2.641193097668534620e+02
1.554054136606777945e+02
1.015430668900387019e+02
7.617472307920746744e+01
6.317899790817590855e+01
5.175458146017231797e+01
5.348226810412695897e+01
6.283859760531847627e+01
7.750720735925796134e+01
9.761642368716708518e+01
1.227991163384724871e+02
1.536877826831612026e+02
1.961677363942272336e+02
2.510991094435069613e+02
3.232646555998367717e+02
4.146180952719147399e+02
5.321545388088618438e+02
6.831061305272069148e+02
8.855499148169793671e+02
